3.100000000000000000e+01
1.550000000000000000e+02
2.900000000000000000e+02
6.770000000000000000e+02
1.320000000000000000e+02
2.070000000000000000e+02
3.540000000000000000e+02
6.770000000000000000e+02
5.180000000000000000e+02
9.500000000000000000e+01
2.400000000000000000e+02
7.760000000000000000e+02
1.130000000000000000e+02
3.000000000000000000e+02
2.290000000000000000e+02
2.000000000000000000e+02
6.100000000000000000e+01
1.580000000000000000e+02
9.000000000000000000e+01
9.400000000000000000e+01
2.450000000000000000e+02
4.080000000000000000e+02
1.360000000000000000e+02
3.640000000000000000e+02
4.050000000000000000e+02
8.750000000000000000e+02
1.370000000000000000e+02
4.040000000000000000e+02
2.600000000000000000e+02
2.010000000000000000e+02
6.420000000000000000e+02
6.060000000000000000e+02
7.600000000000000000e+01
5.090000000000000000e+02
2.010000000000000000e+02
1.840000000000000000e+02
1.362000000000000000e+03
8.300000000000000000e+01
4.400000000000000000e+01
6.500000000000000000e+02
2.140000000000000000e+02
9.100000000000000000e+01
6.020000000000000000e+02
4.770000000000000000e+02
1.630000000000000000e+02
4.390000000000000000e+02
4.810000000000000000e+02
8.960000000000000000e+02
3.180000000000000000e+02
4.600000000000000000e+02
7.320000000000000000e+02
9.000000000000000000e+02
2.330000000000000000e+02
3.410000000000000000e+02
2.660000000000000000e+02
1.870000000000000000e+02
5.810000000000000000e+02
8.800000000000000000e+01
5.580000000000000000e+02
8.000000000000000000e+01
1.230000000000000000e+02
1.438000000000000000e+03
5.950000000000000000e+02
8.010000000000000000e+02
5.170000000000000000e+02
5.810000000000000000e+02
3.510000000000000000e+02
3.710000000000000000e+02
4.040000000000000000e+02
2.930000000000000000e+02
8.300000000000000000e+01
8.870000000000000000e+02
3.700000000000000000e+02
