6.620000000000000000e+02
3.510000000000000000e+02
1.314000000000000000e+03
1.160000000000000000e+03
3.210000000000000000e+02
3.920000000000000000e+02
1.507000000000000000e+03
3.440000000000000000e+02
8.930000000000000000e+02
5.060000000000000000e+02
1.530000000000000000e+03
7.470000000000000000e+02
7.570000000000000000e+02
1.255000000000000000e+03
1.839000000000000000e+03
4.180000000000000000e+02
1.027000000000000000e+03
7.690000000000000000e+02
1.645000000000000000e+03
4.150000000000000000e+02
2.145000000000000000e+03
9.500000000000000000e+02
9.120000000000000000e+02
3.511000000000000000e+03
1.223000000000000000e+03
3.960000000000000000e+02
1.121000000000000000e+03
