5.700000000000000000e+01
4.390000000000000000e+02
9.300000000000000000e+01
1.650000000000000000e+02
9.500000000000000000e+01
9.500000000000000000e+01
4.900000000000000000e+01
2.740000000000000000e+02
3.610000000000000000e+02
1.410000000000000000e+02
4.400000000000000000e+01
4.230000000000000000e+02
2.860000000000000000e+02
3.900000000000000000e+01
6.900000000000000000e+01
3.880000000000000000e+02
1.040000000000000000e+02
4.400000000000000000e+01
1.830000000000000000e+02
4.000000000000000000e+01
1.780000000000000000e+02
1.270000000000000000e+02
5.900000000000000000e+01
5.600000000000000000e+01
2.010000000000000000e+02
1.830000000000000000e+02
4.800000000000000000e+01
1.880000000000000000e+02
4.140000000000000000e+02
1.140000000000000000e+02
5.600000000000000000e+01
6.010000000000000000e+02
8.700000000000000000e+01
4.800000000000000000e+01
7.900000000000000000e+01
2.070000000000000000e+02
4.000000000000000000e+01
5.100000000000000000e+02
3.220000000000000000e+02
4.400000000000000000e+01
9.430000000000000000e+02
2.920000000000000000e+02
2.700000000000000000e+01
8.900000000000000000e+01
2.070000000000000000e+02
2.600000000000000000e+01
9.000000000000000000e+01
1.000000000000000000e+02
9.500000000000000000e+01
1.560000000000000000e+02
2.670000000000000000e+02
3.390000000000000000e+02
3.530000000000000000e+02
6.000000000000000000e+01
6.500000000000000000e+01
4.030000000000000000e+02
5.000000000000000000e+01
3.100000000000000000e+01
2.900000000000000000e+01
8.400000000000000000e+01
6.100000000000000000e+01
9.400000000000000000e+01
7.300000000000000000e+01
7.900000000000000000e+01
3.020000000000000000e+02
3.100000000000000000e+01
6.000000000000000000e+01
1.420000000000000000e+02
3.180000000000000000e+02
2.900000000000000000e+01
3.610000000000000000e+02
2.380000000000000000e+02
1.540000000000000000e+02
2.040000000000000000e+02
2.650000000000000000e+02
3.650000000000000000e+02
5.060000000000000000e+02
5.240000000000000000e+02
2.150000000000000000e+02
1.370000000000000000e+02
4.900000000000000000e+01
1.510000000000000000e+02
5.520000000000000000e+02
3.910000000000000000e+02
2.270000000000000000e+02
1.820000000000000000e+02
1.290000000000000000e+02
1.840000000000000000e+02
6.800000000000000000e+01
2.800000000000000000e+01
2.780000000000000000e+02
2.030000000000000000e+02
3.100000000000000000e+01
1.510000000000000000e+02
5.900000000000000000e+01
2.860000000000000000e+02
4.600000000000000000e+01
3.380000000000000000e+02
5.800000000000000000e+01
1.080000000000000000e+02
4.060000000000000000e+02
4.180000000000000000e+02
1.330000000000000000e+02
5.760000000000000000e+02
2.640000000000000000e+02
1.900000000000000000e+02
6.090000000000000000e+02
6.970000000000000000e+02
5.410000000000000000e+02
4.780000000000000000e+02
3.860000000000000000e+02
5.260000000000000000e+02
6.800000000000000000e+01
1.094000000000000000e+03
4.390000000000000000e+02
5.990000000000000000e+02
3.990000000000000000e+02
8.150000000000000000e+02
4.340000000000000000e+02
1.890000000000000000e+02
4.910000000000000000e+02
1.420000000000000000e+02
