2.440000000000000000e+02
3.020000000000000000e+02
4.340000000000000000e+02
1.490000000000000000e+02
1.260000000000000000e+02
7.990000000000000000e+02
3.130000000000000000e+02
1.396000000000000000e+03
8.400000000000000000e+01
1.105000000000000000e+03
6.100000000000000000e+02
2.470000000000000000e+02
1.174000000000000000e+03
2.900000000000000000e+02
5.060000000000000000e+02
9.120000000000000000e+02
1.819000000000000000e+03
1.144000000000000000e+03
3.760000000000000000e+03
1.275000000000000000e+03
2.382000000000000000e+03
1.032000000000000000e+03
1.762000000000000000e+03
5.230000000000000000e+02
1.070000000000000000e+02
4.630000000000000000e+02
7.030000000000000000e+02
9.180000000000000000e+02
1.833000000000000000e+03
2.460000000000000000e+02
