7.800000000000000000e+02
2.390000000000000000e+02
3.450000000000000000e+02
7.800000000000000000e+01
6.300000000000000000e+01
9.500000000000000000e+01
1.216000000000000000e+03
1.720000000000000000e+02
1.100000000000000000e+02
6.210000000000000000e+02
1.430000000000000000e+02
5.800000000000000000e+01
5.500000000000000000e+01
2.750000000000000000e+02
5.660000000000000000e+02
6.000000000000000000e+01
5.990000000000000000e+02
1.146000000000000000e+03
3.900000000000000000e+01
1.170000000000000000e+02
3.200000000000000000e+02
3.320000000000000000e+02
9.790000000000000000e+02
7.600000000000000000e+01
2.850000000000000000e+02
8.600000000000000000e+01
5.500000000000000000e+01
2.420000000000000000e+02
4.590000000000000000e+02
2.240000000000000000e+02
1.780000000000000000e+02
3.320000000000000000e+02
6.700000000000000000e+02
2.700000000000000000e+02
1.663000000000000000e+03
1.480000000000000000e+02
3.040000000000000000e+02
1.090000000000000000e+02
3.800000000000000000e+01
1.649000000000000000e+03
1.088000000000000000e+03
9.030000000000000000e+02
1.200000000000000000e+02
1.530000000000000000e+02
6.140000000000000000e+02
5.360000000000000000e+02
2.860000000000000000e+02
1.210000000000000000e+02
7.000000000000000000e+01
4.060000000000000000e+02
4.670000000000000000e+02
6.210000000000000000e+02
2.850000000000000000e+02
3.130000000000000000e+02
1.980000000000000000e+02
4.690000000000000000e+02
1.620000000000000000e+03
1.525000000000000000e+03
1.490000000000000000e+02
1.033000000000000000e+03
4.850000000000000000e+02
